The Tale of megalofish (715213316691329144)
plane-crazy 2021-06-26 14:04:55 Someone should make a speed boat with battleship turrets
plane-crazy 2021-06-26 14:05:38 Looks female enough
plane-crazy 2021-06-26 14:06:15 Oh
plane-crazy 2021-06-26 14:06:57 I’m working on an ac-130 that I can drop a car or boat out of
plane-crazy 2021-06-26 14:07:08 Then we go pogmobile
plane-crazy 2021-06-26 14:08:05 Noice
plane-crazy 2021-06-26 14:08:20 I’m working with someone named brae
plane-crazy 2021-06-26 14:08:26 Idk if y’all know him
plane-crazy 2021-06-26 14:08:40 Rens friend pig
plane-crazy 2021-06-26 14:08:46 Lmaoooo
plane-crazy 2021-06-26 14:10:15 …
plane-crazy 2021-06-26 14:10:20 Beautiful
plane-crazy 2021-06-26 14:18:22 01011001 01101111 01110101 01110010 00100000 01101100 01101001 01110100 01100101 01110010 01100001 01101100 01101100 01111001 00100000 01110011 01101111 00100000 01100110 01110010 01100101 01100101 00101100 00100000 01100110 01110010 01100101 01100101 00100000 01101100 01101001 01101011 01100101 00100000 01100100 01101111 01100111 00100000 01110111 01100001 01110100 01100101 01110010
plane-crazy 2021-06-26 14:21:39 01001001 00100000 01110111 01101001 01101100 01101100 00100000 01100010 01110101 01110010 01101110 00100000 01111001 01101111 01110101 00100000 01100001 01110100 00100000 01110100 01101000 01100101 00100000 01110011 01110100 01100001 01101011 01100101 00100000 01100001 01101110 01100100 00100000 01110011 01100001 01100011 01110010 01101001 01100110 01101001 01100011 01100101 00100000 01111001 01101111 01110101 00100000 01100011 01101000 01100001 01101110 01110100 01101001 01101110 01100111 00100000 01100010 01101100 01101111 01101111 01100100 00100000 01100110 01101111 01110010 00100000 01110100 01101000 01100101 00100000 01101101 01110101 01110011 01101000 01110010 01101111 01101111 01101101 00100000 01100111 01101111 01100100 00100000 01100001 01110011 00100000 01110100 01101000 01100101 00100000 01100110 01101100 01100001 01101101 01100101 01110011 00100000 01100100 01100101 01110110 01101111 01110101 01110010 00100000 01111001 01101111 01110101 01110010 00100000 01100010 01101111 01100100 01111001 00100000 01100001 01101110 01100100 00100000 01110100 01101000 01100101 00100000 01100111 01110010 01100101 01100001 01110100 00100000 01101111 01101110 01100101 00100000 01101101 01110101 01110011 01101000 01110010 01101111 01101111 01101101 00100000 01100100 01100101 01110110 01101111 01110101 01110010 01110011 00100000 01111001 01101111 01110101 01110010 00100000 01110011 01101111 01110101 01101100
plane-crazy 2021-06-26 14:24:34 01001001 00100000 01110011 01101000 01100001 01101100 01101100 00100000 01101111 01110000 01110000 01101111 01110011 01100101 00100000 01110100 01101000 01100101 01101101 00100000 01110011 01101111 00100000 01101000 01100001 01110010 01100100 00100000 01110100 01101000 01100101 01111001 00100000 01100111 01100101 01110100 00100000 01101000 01100001 01110010 01100100 00100000 01100001 01101110 01100100 00100000 01110100 01101000 01100101 01101110 00100000 01001001 00100000 01110011 01101000 01100001 01101100 01101100 00100000 01110011 01110101 01100011 01101011 00100000 01110100 01101000 01100101 01101001 01110010 00100000 01110101 01101110 01101101 01101001 01100111 01101000 01110100 01111001 00100000 01110011 01101101 01100001 01101100 01101100 00100000 01110000 01110000 11100010 10000000 10011001 01110011 00100000 01110101 01101110 01110100 01101001 01101100 00100000 01110100 01101000 01100101 01111001 00100000 01110011 01100011 01110010 01100101 01100001 01101101 00100000 01110111 01101001 01110100 01101000 01101111 01110101 01110100 00100000 01110100 01101000 01100101 00100000 01110011 00100000
plane-crazy 2021-06-26 14:27:42 01010101 01110000 01101111 01101110 00100000 01110100 01101000 01101001 01110011 00100000 01101101 01101001 01100111 01101000 01110100 01111001 00100000 01100011 01101100 01100001 01101001 01101101 00100000 01001001 00100000 01110011 01110100 01100001 01101110 01100100 00100000 01110100 01110010 01101001 01110101 01101101 01110000 01101000 01100001 01101110 01110100 00100000 01100001 01101110 01100100 00100000 01110011 01101000 01100001 01101100 01101100 00100000 01110010 01110101 01101100 01100101 00100000 01101111 01110110 01100101 01110010 00100000 01111001 01101111 01110101 00100000 01110011 01101101 01100001 01101100 01101100 00100000 01101000 01100001 01110010 01100100 00100000 01110000 01110000 00100000 01100111 01100001 01101110 01100111 00100000 01110101 01101110 01110100 01101001 01101100 00100000 01111001 01101111 01110101 00100000 01100011 01100001 01101110 00100000 01100011 01110010 01100101 01100001 01101101 00100000 01101110 01101111 00100000 01101101 01101111 01110010 01100101 00101100 00100000 01110100 01101000 01100101 00100000 01101101 01110101 01110011 01101000 01110010 01101111 01101111 01101101 00100000 01100111 01101111 01100100 00100000 01110111 01101001 01101100 01101100 00100000 01100010 01100101 00100000 01110000 01101100 01100101 01100001 01110011 01100101 01100100 00001010
plane-crazy 2021-06-26 14:33:39 Ok
plane-crazy 2021-06-26 14:34:27 Binary is 01000010 01100101 01110100 01110100 01100101 01110010
help 2021-06-27 22:08:27 Can someone help me, I’m building a ka-50 and I can’t make a thing enough triple rotor does anyone know how?
help 2021-06-28 00:16:55 Sorry I mean ka-52, typo lmao
plane-crazy 2021-09-03 21:36:45 anyone wanna be autistic in plane crazy w me?