636996526878490624
434989303882579981
551573378662662145
645128367611445248
363742162757877761
278534511707422721
429826358827417601
456226577798135808
407525924096180224
622717186254962688
720128356452139087
552332807737704455
195253906333368320
487684157552721930
596741777432510474
683847069890510887
308156968550268928
423276894000250882
351263163167277056
273536574770380800
723419054114865202
725583147928125461
608413463353622577
303279322200801282
613056725611839489
505835349889777685
437078588701933568
707457381508055090
352928457358835715
314383347214319616
523278765825196062
472553877711880211
355885049633046528
404306161899143192
552078244418158593
393679134779375616
430394898726780940
389756407483990028
414022648528633876
370594904268734464
654239873489960970
416254104017305600
605952678459342858
577604979909459989
426196671236669440
454085202076106753
315262125113081856
449507213648592897
287459677611098114
726232435448217600
521258982975864833
456219506486804480
349710938607452160
467765396108476426
659472689903173672
593935292059090944
289930922655088640
387195148741771275
720024036863901717
583389282241085443
380926327210901506
707991071476547745
274565008837574656
733931029890596943
447221768520859659
367986810862698498
565165316116578324
262743221686370326
615876745710534676
244667801824919553
725088321214087279
432344306427101184
467565971918422017
573197570566782977
468915996858515496
603742430323408907
551806781609869313
322259867643543552
259742168661360641
283153622496182274
693476997007147068
163143541160148992
297019145084469248
566176185940443156
639390338133524481
323363169613381632
617287617603436547
697786877444358186
448505589983739914
403158774732292097
637414766423572520
369303015267631104
310863132727836672
287779983445721088
335599526414909451
389502733490716673
509641743570829312
584325543172898826
435946988559925248
451881493971730432
679741669159207010
460248489989767181
209338715166736384
414778672847781888
479298992874979328
615356321340063784
716757923103244348
368849251113107486
560364145162059791
525809884483289108
695352880735191040
441942431768772610
552184095812091918
599640907540594710
217336009455566848
260797229068058634
637820395961188355
527127969278459904
461644261566185503
309651209374007297
648865542782058508
700892328713388052
510003795942703104
177743269105500160
523552560246816769
239121697511440385
231831036978397185
667756016116695040
627657907915325460
663716655368634369
512292235220353026
624418072324735023
451025784228806656
419477639229865984
527652641929428992
263847889657135110
274181577267740673
708064765770989568
705458406906920992
435817391113371668
721072874424762389
216193164199985152
263669601144012810
531507315128533023
703350879021039690
148079001628311552
295308918958063616
327499289595084800
685909594932773033
328989346411839488
530364247646011402
651361636657135617
358328414463066113
535991217939546134
583801306871758848
727702601914777600
473183042643689483
672520550136020995
446811164869918750
320502593111719937
424686070127525888
511004735105662979
449259523140616197
305721738015014913
549317791975735306
331490905846448129
585017257764192268
609550930790187018
684367046703972373
495822777224396811
379962311458422795
363488140058427414
551870787980886041
341885134850752513
271299269984518155
557015565374455808
401470717339762699
612591637427650589
704645973263253514
608204785384030208
507103930388578304
477627595001692190
660019099430289418
577655331229007872
693859644493266954
480746414293647360
710634001181704234
447255309354926080
550814125127893023
218240161719386112
280023025544462337
572411935669354528
492887853702053898
707286099030048809
200793484053970944
270291665116200962
454455227807170581
625837967017115667
383506465371062272
304977711988867072
645086127337766931
332615504315416586
511559470376026135
591431153861394452
263114226179112961
386699647747489792
594970069797437440
542423158461038642
541509497462718495
389516889501728779
414998453962145792
263770097288609794
619744327945682944
430739561690431489
619197499252539414
459749464434016266
257194741815312384
677877357331087361
508065143905845248
520250808407818261
528408679255638036
546212057490522153
379761942145007627
514852870051463169
332227374278246401
426802747875131393
432354194960416769
615810446724694018
674954359288758282
213233227979161601
458654078914920458
671156550546751550
252094891448860673
726194885304123404
454784377273188353
545845844234993674
404408579689545728
533422608964911104
508745517753434138
400732843397087233
446358417389387776
558094176340803586
237359768405147649
472857982703763487
299173723095695360
234446023055900674
274111939939139584
527309105203773459
683076907331616792
565376886843244544
363465902643216386
562803113124167721
506560810068213771
438864092212756491
360925918081974272
461347609228083220
547288837278400523
465256944974823435
358711306674765845
340543153922768906
317063655520993280
428703449182371842
550694959011987457
433617207734304778
365193579779325972
513440767159828480
378381569645084672
351087066701889559
340713981696016384
578985813380169751
536452784958996491
367588891777171466
321489477367496704
487493914249396234
129622795394088960
545869389329858588
527653676022628353
646380050907791411
619729126311460881
506566804508770315
291956715749113868
626512383287754763
395442152793964547
474259038847238155
643009321994551316
691348216142102588
704754942442995783
679754847771164699
693581179764605039
365880085229862915
594006331518746697
318892614378061824
397830363247804417
689772584417362112
681140863845269602
113596849851465729
689499747156885596
518454798190772224
649695489553334314
551376486960201728
712634806193750080
275772366687043584
673913289163669504
617699741958144020
525265481922248724
522285489269768202
643511525461458984
446205377604878336
308516308926857216
524324517431214100
280020722431295488
514450834353029120
544683852384174093
283622814370758656
704174993130520586
465067572057079818
451853936815636511
572554184285749259
467459282250629120
429119594272129035
257624380291547146
575235893905063956
527849759898337283
471095469402095627
662870841700384778
610586741224636442
293960792850563082
576968615673200654
594977389096730627
468207489524039680
357610876502671360
402617794606399488
337690534040698882
697369825902854184
587047177558163466
447304419332063262
400465835845615616
489910972946055172
491254168808456192
339519624968404993
624733630882643969
700351093632270407
481194260058734592
451834969719832596
712704971153342494
499975737231802388
299289130964090881
531042200017174539
347182144873037824
628393318874873886
710216814621360177
652857275769421825
440777623736418334
547159453133438977
662338416024879144
454008503586127872
662507566794014740
581846949901369365
635036517735071746
647051418556956672
556498048700645436
282630784928710657
414043552595574796
506654653065199635
248889043977371648
422878090176364570
385411356708569090
168872475701018624
227508148112588800
586658356907999242
672912304064430097
415192917012119552
481626464672940033
372361136076619776
543197796883365898
735166169975357581
371722840476483595
645834473115484188
364125321101836288
237986362601504768
600750947035119621
427024835449716738
618489590805823503
199720559557214208
566340765031202827
409676438682206218
514801236919189504
582598719916998692
476629966780497931
590501760938803230
414851071014338570
652071310578417664
519593745428119573
457015367412482048
515577365720596492
228115104061849612
569712338798641182
303036190326521860
612861370660159508
493102863866920978
705533053740777584
428029067678318602
389378589914562565
683069192143896594
385563798590849024
210141202698338304
455205979550777345
439783199988514817
588596347272167456
567693998458798082
265819387498332160
494468988890513418
346630116346036234
324274557965959172
576789460247904269
323603502603567124
314432012561809411
620969818002030592
408554768911433728
261632279917363200
556155928668405762
460331927841406978
493281576021393419
385038598627393536
105723378949718016
385571953903271936
506120413231972382
651029619251609611
550023862876635147
435070377308323860
417388802458386432
488043585443332096
694095866717274152
695385535434194995
665456365346488320
546475930772570136
351398106576977930
332559703316103168
548799873844117515
658140951273013248
483090536769781770
300464881193320448
670939038999511041
348549871470379030
573051379472531467
407427743349866516
394246727550631936
401350466941747210
719168864705052802
554300932217765888
292578772333363200
373626824963391489
639803807060197387
441939688018935818
295821266311446529
551557693354147850
663025050278035487
285177924645027840
702068186119405578
344938630294274048
551657200272146443
278351709607165953
702044686491320410
348624203920048129
260908127652806656
706697408301760582
338393512389378059
539216906737942540
439862436275683339
469590708685373445
451208473380782100
580878305486569474
282972760094015489
282517668341350401
597533542242844713
670159680852459521
466793357318815744
489371955158450176
476092576710131725
521043592714911764
639537878216736781
297184110827405312
518611839089770506
480856800724254720
424223204882513930
262867572838498304
294089147336097793
661343469897515028
431065024547782669
280370489619251202
585149989601280010
382942723809869835
613433888773242922
334232774502514689
462077072399925250
678569799206305803
600948656920723467
421975189362966538
608769662108565509
450967428583653376
267777987796008960
396830889755017218
359026656913915914
706192925599596634
440285778699091988
659801417133064202
658486194937659412
436609148608708608
662954706779242498
410992368494575626
453760206640513045
465412976187408385
457390993025662987
492922755344367616
362606612726153218
605361387425759242
581453062460145665
597340544548601867
613424782259650590
461036562830983169
600134699582619651
585513259822743553
552168576849543188
490583870295506955
506557098684055563
356139188372111366
182475192658821120
429726712062803998
200087221561196544
711769694847107123
313403326081531914
482976955202011156
516385356006817792
349574733945241602
721908663694131281
339773422563360768
514591479457382442
544976432183640072
724118431263227987
581500505759416340
483012322500018198
656137684213039124
431721215325896705
483221629195911189
724461096349728824
432145000327938049
577539266440331274
612627208481144842
611980430790623263
659009834019979274
373633948095348736
638129114657849344
325320982602448897
730679164839133214
704127370587537518
221487880487436288
321083030800302083
553567359298830356
665328592800055302
465960439612833793
429181153925267466
658774365261004801
657680222862442498
722506071733960794
562896984344625183
444287287820419102
605315897892274196
562056608914341917
626449107577471012
503590290616221696
454881511305641997
451991788757057543
464804430215381002
724908656247832599
733037939453329515
507572073556606986
311376511103926272
587393222855229457
488078218646257695
238825322508845056
513783921134141455
544950308690985002
690967945165275216
443958882566406145
409310106489192458
330470290343723021
510982364566913069
657738440451817472
720222689192706128
563501277229613056
289143255357063169
508314498633957405
665264298855104512
603977812038123521
698136691864764457
538618089080750081
413015454416764931
301411553687765002
292712199200178186
685060218656129045
445846120187297802
411899596785057803
263535597119995905
698748742291030047
509656082856148993
251174713890439169
491570111787040778
373828522197647365
691696315721318430
669698144182861825
249373398612967441
434784150155821056
342402058994974730
393590894387003404
320836265949921293
409864143664054273
409046768349609994
510233644984565764
456137975894507521
457827362520694790
304157668833230850
682225138812583959
610795263992528909
305085826604204033
435864400235200522
497804128014303242
295183895983423488
208322565171576833
715583400425291837
392334096560554001
503108213932032000
399470016807960586
546163765289156643
419546037867249665
528733203674955776
322877886069604353
250393834817585162
582834773773254656
497857233150017546
707705810633097307
370734372351115274
391257909368979467
530774331081621504
678366068351434752
495792468692959262
471334132803436545
516227998001659954
578603895736238100
500840354300428298
403364940045484044
639596818610651139
416937917047373834
628240580517953538
639143946328604673
696816232325709824
465436669403725836
386274857668706314
587459840255983616
223597699906273290
381254083845029888
450349046197125131
394988926391156746
538035692169723917
481278463903268867
646839006834982925
492710350702247966
392797943372972035
614905592913592341
218978542166343682
674300431047983134
487747159840522253
221496030355521536
297792043042996224
296280922771292170
706662666810163350
468458118657867786
417397161198878731
429665143677255681
386974424538152960
568018648002723851
648512827283472396
602542450141298706
511031042186936347
603133897076637707
486534035502399489
441756332610289673
295784513152221184
698567647482216508
312989571996450816
539587777189117955
616935056182607897
648339489143390229
545793563703640065
455009731430449163
697663015373504583
628523381209169930
308346415451734027
714763671410180127
668273304645271553
418904483666329607
298904678840795138
357550075507113994
417484722239963136
427313683597754369
315207053343719425
561856988208955414
662246961793204226
413336501133508616
717092362303569982
490722748427927584
540991000752160809
557991084865617931
636810280021655572
581782471323025419
645865961882124290
594125506333376522
679361602721677323
427340970409852938
329469153755004935
464629635108306953
262677690702757888
294956031153405952
395033662405738497
625322692773412866
710673805131120672
686273018367836170
717489596954443797
667052089456984139
649268176185720832
455915220737589259
418361319440384001
659468031340314672
474887155894976512
294980570885390346
352780509249667075
220090415469035520
710377400734842930
678369458859016216
258910993684365312
300103214873968650
711309035957256263
592756480118358016
588474102663086145
493911642615185419
520349223581908994
723901129465004043
707244969030582322
365931277234339840
469519730584322048
577565792045105202
603560466207473685
515793531017887756
200411462382911489
702907851001167882
559406943685312514
439829923192897536
272893613611155467
235308356242243584
407275829299773451
711068474528759811
585863217776033900
370739788132777984
484843860586004490
551786307446243371
699643619069526108
726842695154270310
546223347025969164
550192063283462155
526232168649981953
397138374428852224
457201616081125377
548958475389108227
599576050665652236
267393167228141568
670792578987327492
590828041962520576
488239293475586048
571834798381989899
492062192200450049
368946792177467403
631860015241756672
249588785153703937
351542650526236674
536383067393228810
406496521488564224
533164900722278422
420080230905151488
554394197021556736
521458738981502987
690669784274042920
680603238432636929
730237715970261056
284436267964432384
508671013685559316
497931446745432084
492603847752286208
600252165017305100
386561321422028800
524120371000115214
532365680373137420
483339839270420498
524955125635350538
551251673453166632
588055079899103299
683623061475426338
557829394719178752
525849248365805579
403691104442122241
630857980937502730
710240450669445142
660975329954758686
723447683704029185
356231361344045057
685981695530500125
287597190631653377
554109080873205762
556973606035259421
316693531638890497
541440581964922911
406210709828141057
530887980814958613
345761058788474881
723260585361539072
538048145112694784
568700685064077323
487383214302953472
564231852391661589
405300347050131478
424656494949040129
693650442835722351
479784834475229186
464574642376671237
243114708742176773
343743713597718530
582599090509185025
366341044184547328
498354204855894016
230442733234421760
518706131120422914
617720285701079061
263904179813220353
432087069729357825
679843010757787650
406887792015048715
580696268767232001
471779791498903562
513665441537720330
566814531171385344
311088693412888576
355123674954858496
301819873879654400
609198621526589450
378961430738763777
401515741905420289
565999170033287320
325252015628353546
379967555571286026
351848864531218442
365056765877944321
537001311779029016
307663892207632385
277090223358214144
292751968697319434
461268283765555230
691240271555461151
319541647333392394
713478592448823380
209371454632886272
586354707723845636
421848903361757184
317341109997273088
362588162792620053
482923866600112154
220562331606843394
493343880478195733
456238251204935690
368630214747619340
324707302470844416
584019963556134913
634037409020903444
659512287014420482
285161808237690880
477688260806836225
343102418315247616
435186262089924638
707728762841727038
407698308233035776
568840979512033280
676878239955812363
463744035589193749
613059155837845516
675970600581201955
281283411925139457
249675015404912651
431283338716905472
646475171724525593
594364363733991447
314450682906279938
280026855782744064
497073865709846528
599686119851950104
311666826859773952
326503139018801158
359803115253399552
402171686453116929
178681093036179456
401780773058772992
598108479458377728
399103385611141131
615486918016106519
456199009728725002
529838662435733539
621961120617594880
475435060611514379
475239686407847946
493477968065331216
371221732398333952
392778761701031947
318291033626771457
437152336176087052
262001177422594048
479343337044967425
505199579835269130
658585238594912297
330079587335667713
725346587936555050
459864445028663306
345689630131093505
658319788904546334
458082343488454667
290002582276014082
456955515113832449
632108708469407745
307511245223755787
727028164223696966
499481679224897537
447139512707973120
658331130470203403
463630970864533515
252408548661788682
589923740557508648
498184717137608704
333917892267474945
219315996413001728
670589325226016780
612776026833158195
467131448479186944
493170812904538132
558406471067500614
699000323947102248
544568173463076894
589866467525263380
608746863062941729
343846421012676618
541269303761174548
216517093846155264
226947962763345920
567843824395747367
302951940931715075
378587246992818186
691238351767863357
588020216743591976
403590573799505922
272776619381489664
524910047080480769
598552328446148608
451455503948578816
541611368420474890
553200382059216906
662229594161807370
602368321123254311
561285991969849374
537271441712742411
251794478078230530
293128052945190923
539199744531234816
251250926218641408
348260857890734081
431487311025274921
377251520086933504
535934668038733848
372465864559034369
422068861995581440
404632014189494293
641391931808546847
381395721053667328
317760094613929984
580008314109296641
162156549978980352
224513422161739776
690994211121659994
456975716878254080
544645404277342218
478052269690978322
578383368501329923
623250983908278272
288135899521482752
508428804885053440
290528894057185280
574000841577725958
465288266376282112
451793716164820994
421405605656526848
313833373795876864
597460948248428555
335101829711003650
670607227186315275
622320884987854858
565155465516941315
623578167898144779
659435410820169759
326900292606230529
675541493364162580
445355150794817548
601560345709903898
335176451038904331
198172524457099264
569539731088736258
507706861668007937
706694771783237633
451097482009641001
521299249871323150
409002278339477514
454903220171440160
711915462304464907
396433490331172874
597653124567662597
356520516070408194
481578867731988480
495674339782426624
508768886871556110
713545405916250162
693308815239544903
367808852726644736
284907266094923779
404000577257996288
569396693552988164
631312756078936085
391663628648185858
617002891382882322
479969172067975168
438388553442131988
310006057051357184
629858706997248000
487292997822578690
640011027357892646
428948212225933312
195922155219714048
694582924275875940
607098626153644032
463776604242444329
615802176484409354
544589619287556147
410164867165716507
192861290677534722
563765906543607809
515178553633931268
251941191463993345
478872476374401024
584979690792419358
427076136338587658
336990223991046144
697954429965434900
616169703471317002
276795077744001025
404577053698949130
366527857406640128
500804614690570252
662090473237774357
624508567205969920
175382189922451457
264629944997380098
665957175515938837
459442244265705504
353243589414748168
561989436380938343
235883924620836864
398167224096915456
311996873650995200
463209411343548426
453377872493543425
456858906304446465
412632977307074571
709717720521900055
697154991521267873
510102133199077378
673387237651775521
529774872969216006
298185192332591105
543819153279287327
340006283635851266
686143269536923648
406551009180254219
659552408904532009
618421828980965396
696596768401522738
340032461373440000
701392731754201158
545453670775652352
463222643798310932
586843798215196689
249857896685240322
692277347965075460
529096626984189962
512467907469377539
539401678609186816
373001512705720320
297180191745245184
552343549572677632
305499404893290496
712066592854245486
388499667555713024
659731699814367232
605118488323031056
562110003675136006
640545774496645120
238017332872478720
588764924394864651
599042150247956481
602266938546192384
348805709837762561
499154531700047892
328211681274494976
301325957040570378
527302996288077824
363522988689195011
416386563505782795
614969643286790144
305108608700383252
709405556384989297
519267682537832448
674686981954863115
620479454791073794
632122458681376778
511872646947012618
706652922808893490
467031633732567060
650085214705549333
661637847035674635
388746235395309589
443863230478286848
227539187358892033
702494524575973416
355361531145224204
543150190396178446
415226168170512415
283075321941590016
507713545081716777
422860454008717315
527730958741405725
553298413773520922
523671224908251136
470241474332721152
499730439301234688
467619291680735232
186970550617243649
624948362906697740
340904650905485322
539537860215439360
558696411617820682
540218494374117407
694481609960980480
576895517938941962
714001068098322454
376066142604754945
302698900521877504
133332036441079809
458451488335986688
552252221224648724
340331635583090688
495198557742039040
481580521244196876
399954969739919360
338655422686691329
298453368639193099
282973317202313217
440974715729870859
235475017280782338
555424668656599081
436931208501264394
638093199352659971
376309548761481217
482271568840491020
665266691051094026
624562844977070081
549538911089721345
300301457691770880
537148967809712148
666853295364505620
709838764956188804
343445507533832193
390203451583496206
658153536047022090
407064385815576607
527426371018948618
570776621972324362
711241935183937599
498430557521182721
471659414575775794
469225356713263155
548845256234369034
614892426649403412
485479626471243787
524421250848784395
416215683089563649
320183380702658560
612692049375789102
705293052788342814
551235158859055113
394035089777885187
375741895097188385
707250312192196658
405023786526834689
540515443132334090
596838448489431063
426235190348742658
358929295768551424
663033851941093400
466538872029970434
331508893224009728
512640455834337290
242725456212787209
383654187046797313
386958950123175947
302510220603555842
336022660225957889
366243519305875467
482758166338338818
579717529308627004
345937619953385484
389563514722975744
705973454243102771
631376489228664832
338674447353380864
545021306035372032
676911902278025227
280393446114590722
134350023264698368
400114581109997589
526292523019272193
445288948789542912
659318756740300808
613110459289174087
592044585883009036
533227308526338058
595354580875870238
719787262287544450
697600896615448578
568517652306460699
325638040670437376
489618736832315404
464168805497831434
608669316178509825
515245641941778432
333225478192234498
652626249272918026
532057399075536897
692364008833155113
257234730443997188
340895447616978954
306221841834442752
283036503452418049
293962820054286338
423959346918064128
449680147633668096
406873396358545411
350773590213525511
472575005709041664
655816422043287553
635655704858066975
657852826352877588
413754948975722508
707266258193612880
324815581368811520
555444612639096834
433492444059926528
414545396040204329
212321688287838209
277527193587023873
634770928865116164
275101525460647936
412778180483743744
477178615319101461
490226575048966159
318699736448106496
427454208292421653
475201716237893632
395365273009520650
564861679616393216
269804748830539776
191446848999915520
664301959121076244
677036218978009089
668656343414210580
696859641979863080
433523444676558850
469272796325740544
381866299950628865
338653770411933706
512006203958624257
361427700549943297
486034957437763585
274981740513198081
606211598331412500
406545300510212107
410129897470689291
442359445951873074
670732384399786015
318554973757767682
268862168877760512
300736152615387137
342537217974992896
399080562280890368
308783013683003392
568350456087183360
422719397707382784
239455175062847488
249608205309575169
559445325992165407
601493419088674818
626871673278300180
449992260516446208
618270216903720973
546387359382372372
315922803394347009
409432499584761857
527164964860067850
490206179738255361
382536486563610627
578821017737101334
382347931019378691
368510721153171456
666303603706691603
471542194755338260
353998978863333377
511364255115902976
342138002044223489
668832772584112128
689480302594097172
344712513948090369
598330855265533962
706890920024604745
335509056716406795
660673355036491790
510311903763890176
487465127130562560
682417861037523004
366359463487078402
496731899671085062
431899349698478101
647837654255271952
444483745664466964
393229352525103116
427476505455624193
375681714015698946
571282088242839572
454320801303232512
449135727385640960
466549811949207562
271785756337373185
178298325806743552
464899106846801920
331969503263195146
672135256958173225
497213723564441604
705002266884571138
497197851789623347
265531941531549699
695274730520838245
651952904080457736
278645613976092673
465671657139208199
458338895617327126
436967603341230080
540841333141798912
465660382271504405
359830674976276481
473820707571105792
262312970929963018
407542133789163520
298525010212159490
531294367655133184
526445916048195594
482287440581754880
569298230983131137
707632908021792878
513534753178386441
706214476419956776
388750510980726799
528601078988537857
323414243074506763
537285695128076288
249517226602921986
265602832621764619
673397945764151336
260074040566218753
199674374800801792
308013282386509827
452273029595267082
485229989537644547
301108171487969281
550732169799139369
667143973982175243
429379150185234442
324039925781757952
439659689610051585
662270926196310018
353750028055216128
636595390115872781
318593948081848320
445682913397178379
541455397819777045
521167271243284482
251880826386513924
244059904019660800
344443210354917376
553312206150696969
484447467434147844
422221846491168812
385386052719869952
646344221393027073
350584348384428036
600950115900981267
626477930087972914
406632308880310284
251995895405477888
456679622843695114
451330898521227265
539580506946404381
330416090931003393
248457239101177857
551512986557218816
280504520289681409
500896223600050177
277197945273581570
348562853445500928
498205519870427156
696449404953034863
692815897949372437
531625591380770831
611282861009666050
672506612849573911
452069214476304387
395880798055563274
566846581161328641
295434632256684033
685998586160218199
628407822627110933
277470407878246401
353931246973353998
473847665751228416
493078522328252427
641041522090967104
420239177448161280
281502054948798467
355917095827013632
591167008855556096
231236347791278080
267309288542830593
508389824395214849
613396696914984992
444641789920673793
298983892617265163
177790932492615681
218825012981792769
605232340628799488
245551843722133505
590366350065795072
370358351999139841
711589575889518652
417295378401198080
243168569842466816
692746143909806243
513668231832272917
538898688525729836
654338868589625371
575091269546672141
385247005003218948
431224361991536640
95262763479212032
610218410860740609
538506655244222486
372146456770904066
605702741523693569
701408431856418866
479273717609005059
514910994498060311
428526271664750602
316301795846782996
541183450032373771
472742128427204648
396539434062839830
279542029694795777
607856949664546841
704416737793278110
686157331557253120
554421436673163265
336896752642949131
500443537389912074
328984174952316928
287318868672643073
664350892232802306
426484135859585045
659802570474258500
520164662202073088
302434072771428352
472415694059732992
169580526452080640
518262933420244995
466654712679235611
522957567811387402
708841290871210066
360204634192609301
572094560977682432
447854978103640075
515467565632454658
389153627337654275
383028463206137857
543137379850911755
347918144062488586
465489285823332353
564503356576628737
693553382153257030
478727595719131146
358285265074389004
300669056350945281
588247659844730890
584767624068726785
434710676154613770
558610492994879488
262334227377422337
309156174501117952
396802718083186700
244795913107800065
270113506332770314
638063314752241735
679109002222895114
535956927016861696
693481468604710912
244484821827452928
537491215126626315
325000337540775936
421011917159661577
667534689254506516
218063123477823499
419632394031857664
660785479104462869
305281953538768899
567757737912565760
260907755722768384
696875038514610286
361950657525317632
690290144187908399
551464219107655680
709963956201979957
319992753859854348
704745603539796030
125457452320686081
699009162608246865
359613171495075842
387734780545990668
261525077277933568
454570394343702529
423474101701836810
471544123870937098
395452651091001355
414946816661127179
374071612330344448
290509334801154048
444476246899032086
560969167860138026
376813419745116160
391691962807484464
573840026601783298
431335776144588800
605421188159897610
328413257092169729
298092430719188992
333828992148963338
594677219973005342
612225279112249344
300631806162501633
443284238759100426
100395799417999360
387945104272392193
395168692373291008
364273560157552640
210821096277016576
575589586567299082
347678466642018305
185912072658223104
182903471022931968
367842191613362178
300647637198176257
596722744079417345
665796174438989826
297705939732267009
223270969417007104
681119521234616374
585753596998582282
541104779925913611
462805870997274634
613690428348170241
638540183238868994
640026086276595732
398358557499719681
627483817979936789
364352162563883008
457835121249222666
586558899289718784
700300392772141087
291746312599240704
532809390135312395
430666190919303179
661753658014302238
534375118240219136
515530466053324803
560922688256737310
322970944303923200
381263178589536257
325481971969032193
593884042605101086
394735782184878082
601077384417902643
449956273127948290
458963775559565312
485264101799624724
706792516665606144
396734795389861888
503468577672658969
659522115871178752
655236433501618180
666123250870517770
485931548395307018
368916988103360512
525671143772782612
515937784020860939
557172100545249281
340771008254312450
580638679824072707
508680684324519957
267530651995996160
606370928410099712
269946043070676996
577950243774136320
542881523163070464
259490800298229760
348898900448509958
409188312952209438
314555223140073472
683040274951176197
510454338532016139
594497411880321025
523744094703583255
261927735725654019
513777243160313902
663487215787180082
239857891492757504
575444638442192907
610083730807062528
562421885858742283
445069748372373506
479661943901388801
705986370262532226
486947728320888842
690461658090307586
604380312147066921
485566942137155585
520787928327258127
456969631404654602
696252654493368360
571711697115414575
512623374971961366
262349470841176067
99607451300548608
456751236621008906
705399851722211339
488791699339083821
259641369721700352
511279873877213188
354873009506484225
689550957281018011
235207095740268545
495002935101620224
374889161792028684
305543798241624064
443025320791244810
570555935584419860
280912530187223040
616496814652129280
340273530639876098
609506102224093236
220399575037378560
147900558018215937
407020272731029516
662825184259997728
478186251149639680
358222510329823243
599324888716804108
600133849074237481
431590242206744576
612726070478635041
469817552697294859
398959432098250762
343815066069762050
519552318484512772
472189414219579430
414120041722806272
693561379054944296
343471223264772097
274990690231123969
525608445357981706
282727009896103937
224294762272784384
501113464291328030
537407685281185813
698225455760801792
538060502366945300
382128392004173825
606291418805174273
384291194341163028
497778248214642708
502487610246299650
310601818478608385
529524919793483806
347516170880155648
282090630308691968
438125224399994894
368161838149402645
246549717188608000
531172671195709442
468148837723144194
413465414203342850
281387865936494594
206891768233328640
227196974351253505
254082984968323093
419296691276218379
202509117313515521
491590392475549736
415036739653074944
188111033162792960
246682667800592384
267200596812103680
581405438491492352
264246265276137485
394664049994104832
539585978319241227
461375465484058635
317735462062260224
667435558632554516
329976451304783873
566541087511019520
396215969049083904
671382492326133771
486195205616173056
286793767162347521
349560681990979586
465695626894770198
379815910405439490
529143325802889222
491789696117112842
292445752699912192
478558356324220929
308048812591677441
577536521339404289
330670675524059136
665861615685468170
250338477202210826
192377844918255617
373163551789154326
452620851611697152
491853342973100033
364166168887689226
661754000026239002
498186707431325716
260544767446745088
666630185449422888
263959626804887552
361511417800556546
666507784375894028
383258982133006336
307476216888164352
227590705286086659
284461157857624064
253741340695855104
470097049694765056
260261859062448128
338377763461267456
537048831020498944
597356267110924289
527881962082402305
477559063757193217
251464101300142080
192904586422517760
324740347085455360
680550600777269260
245677442897805316
468818969332285441
316079059916423178
393679254614704128
170632048883662849
410434124092932097
347102896275324928
486463991586095104
255023829288484864
434245547960958998
280353420181897216
529328753302831119
346209365411495936
538041353397862403
490881819789492225
503179791315501056
257305543855570945
214072411140784128
634517157245616128
256319580543254528
490222458218217474
464843410247778315
385216485859000321
299929027492315136
542485850491977759
281989877816492033
365593893284216842
466559694396456970
579035683314991130
253883466767269889
606029885282189332
216601437667459072
486276884611465256
567851850121084948
194955493033115648
682389964541132883
511946504257142785
332766021196709888
345631950679048196
673476681159147540
279643094482157568
537818692000546818
383680333746405386
494315405007912962
300749802009001986
647857276996026378
323110865140449282
329204193128742915
391710474561126422
477488846930706433
613555133481222155
362820346124042242
518187868347170818
366548121351749634
469858771821133835
282550912688586752
476057056974077952
676456631550083122
371832561363582976
457108260005085208
426018138010943501
259221278265835520
504076583305478153
593214598153371684
320617709777977344
600798393459146784
263336002033156098
482142141980606464
244238834852823041
644104875059183626
190271662359314442
475468276311523328
207358306451193857
681411500887506958
348174658220326912
414560401213358081
526481372705980432
272165213372153856
215551400015429632
454112065338998785
356118197058928640
291527655017283584
635215333891768370
658375861413740555
246751441614536706
478353671369785384
480950362065469441
479536937925869578
563095594504159242
571531581919854615
422648520378548224
415533639380762625
508763131879882767
313188561560272896
237381485730988038
463577308947677184
413369007153086474
269875187464404992
304726661625282564
592809193472524288
601357281078280211
454809803223465984
397733011996672001
490607918593474561
486319150768324629
645461222363234315
538545021620846602
533163292856942602
381854293260632065
394980644863737857
275416878325825546
222494829232259072
652871690577117203
557861271295229963
216371990959882241
389365874403835904
323860205903413257
386140360465842176
420285719827709958
510571726074282012
650037080294031376
398213075590709261
464278631955562507
497611665559257089
207922337549385728
574218729634922498
667409822135746570
233700700406808576
304091137361182721
407010876780969986
482366326577299456
457211272908242945
631253958761119776
425825963859771415
303022375191183360
240198916086169610
510443055111733248
327554365529260032
464977825624227841
489882887202799646
689950670740389958
317967241167634432
606461666389000201
251532478869798912
510154428666347524
437073066808442880
395592980255211520
480944020886126612
527239414540402688
287932186533953536
303577211355791381
525520740607328256
587245340374335488
539018354011406339
380846869150040075
649302281443082242
565932648598339617
302273754493485056
530323222361669650
254380656774086656
396387411728531458
99745342123163648
444967055561588746
297988169276719105
395091105517142026
412226459147698176
544627375975956491
263880614036373504
265327428103176203
452362065328209921
310268386611429377
659760827330592778
470581148553314304
347763370251911170
257843603454296064
477384776932917259
693813363406274640
341214458091274261
305818146495791104
344251466204315651
665134361640697876
369219605455175681
529871536274931725
257488755256983552
384070271520473099
391208677937512448
646350550727917568
644115563949457421
649711294470946825
508794695716044803
377247951086551052
408581496413356032
535386351965700097
305875617809956864
246344308398096384
531499099237908500
471423636402733076
580958742204514310
615293171584335903
355129846940303381
577280189109633025
573532192387629066
548242740991885322
460471195624538122
359387481562677249
548973346805776396
284999585649131521
310741630749769728
694628894409490542
681729076679147558
393370866702090250
480094099492569108
476099190485942292
460486763408785408
562953516063260682
310165513453961227
531903658011394058
649298552274550785
587960862397169665
448135699149881375
410608838035898368
279509151330074683
648287094506258432
445329264133537802
593099020189302869
552840882001412106
551648520395030528
303004358398705666
478417856720011266
469544770533064715
442039763172589568
604216418707439637
514138019272458270
414731922166644746
504577008383033344
443431574546022400
688892956920512546
522841616042557481
530129055006195742
567505922251816961
401839143543373855
506437341284532235
510777005642481666
330327094875914240
527171100845539328
358126557275095053
413503076490805280
247192935873904641
399747820078366722
610450108718252086
498337842347507713
341253259379343361
531423895195222026
559620260064657408
622135983848030238
693133834656415824
389163977956917248
359322015011831818
269859413680979970
597123937293434898
222301598905401344
434382257332027392
138190053989023744
415987955081936929
622226398798675971
664968452208852992
467476151477076000
544710656314834956
545566605761839104
668130738612207618
291470589523263488
659492070041583626
471727110575357954
429131077035229184
361606054154469376
618132044253364325
535118345004122142
197674240135266304
237943056643522561
299698224980164608
365515326550573078
653886400101613568
499396323741794304
489380498284740609
301770001738760201
554976798933254159
544491114242113537
396725710468808705
180475893112635392
481623200237617172
534844893902667787
356853573197496331
460604490794401803
288641025021313024
441345974338715659
677791818716413952
460460647482785808
426156778007429140
486552769612742668
684738106968375304
609025949257695233
397330987803213825
327467568581312512
677276495902670871
479601600915308556
256501003493441547
410465103058698264
379298383795585044
404442491270463489
272852191054790656
688077045607170091
424530206704009217
647837135914663958
548885606554402857
335824633213222913
359381427122339840
308833777101176833
677870356467417128
343070522650787840
606552908980420616
640538551406166026
298742938337542144
538769059320430592
181200052184809472
526483933131440148
480688071726071821
678429100188106763
430772448418332672
321217748677951488
558971065464913931
554040882651987981
415651099144355840
330365250597552129
457649507362930699
490082011113979924
352562333752754178
289803791224668160
441920771313369098
297930189332152321
497846575037415434
219164510718525440
249666368411009025
636671835928395787
582909045195800577
338235649478098945
279624248518246401
536953924804935680
290995881212379136
405847338700242967
508401534716084226
580330665346859009
389826386862276618
534020736814284810
617269489460838400
598597295646310427
168154760866693120
373250013628989440
193932229959876610
378630875279130635
301734591717441547
420637305502564354
250275097431113728
686078774030499840
313930200939233281
361634436543938561
478563345704681472
207813007819014144
398300194258550784
154248580104847360
491012613816188928
529836866774630420
290494538655727627
503964602124468234
473036072482242571
310583696841375744
423348261030592512
187699611480227840
399983648784384010
564576094271832085
371027034261946379
520803992390074368
524131825166188562
667164095857819658
604767948757925940
484632633305989120
564064672882622474
374080822157901825
500316732796305408
421846397541679114
457159779626909707
660574520158978058
657310903427006496
441079156294287371
435515497795026944
462814636920799252
643864778900635648
566822529377763339
530539224781553694
336089688613847051
445833494036348940
478669911573528580
478976129085079552
280186720983449600
598704930248720396
594671945904291880
510598163460128778
263524537566494721
160528592231464960
529509539217932299
239876519365836811
522116725374844928
493108348166733859
615873322160226304
452436342841016341
616541916313681932
196737107966820352
298209363112361984
307983691789893642
347534069954904065
540211582806917122
331534285469253632
169488151797039104
252471562337255424
362024122626080774
583480001102348288
205588149542453248
420373278515920919
601828343549132822
507730859571281932
422347528688762880
632405878544269320
589834039054172162
472385006665465857
383657988679925760
609934983083065363
352991365845483531
411016509146660877
199178692847468545
640349623851941920
664644827996225537
292008623553380353
255779902387650560
265484911912288257
574027390188126228
574185257629253642
365900254190764032
288721989240094720
606582067945406471
244363812222795777
532941920033439764
567149510749585430
406473418985177090
343678253610958858
500349098935713792
341811706298630145
481479368183513088
612771934454677525
640706434597912598
404751492164091906
588074279732510728
627108438702292993
627509733028528150
352129846463168532
457877077954134026
548530044578824192
422509130591240192
552969986352611328
656258535579189299
348762447240364052
481813495042670593
416844656584687617
662488111380430887
309088612862132234
594978681353666562
587389128635711578
676579053800652841
659420773554978816
587406379451678722
444441978697154561
384598715089944588
460595283454066688
565085165034930178
533896178035720205
546028728401264640
391713865999712258
633731194093174795
279072346525138944
349460456634581002
283065110292070400
593125465078628422
597382106888536075
279028195637067776
400178323889848321
200299535208153088
315771093010874369
406111972120330251
655870688111886367
260456263379320834
388101178270941184
427583096062214154
385499563756355586
443953905114808330
485139697811587072
294613616689152001
404020621719371787
523544444587474966
411367619376054283
403737157359108096
232694074501496833
300373007396765699
403989048340906004
669343312326557716
650020907238293514
526062603513102379
447146628713938955
508571886352072716
470651684683513857
414651478524035074
309847552348389378
287297509796085761
573679772207415297
650591575579033600
485983043014885376
665345624358649896
358255593171189760
629117093782093876
376242170065321986
330572773695160343
470522416221913089
629103128335089665
398245378861826048
401739272874622987
429335707534753803
412164077163642891
387760469877719050
289609370218528768
539196809319546890
290943718817529860
646232052664107041
451178779029536779
531206583020158996
566444752250077204
475791923869909042
527561182975098880
488080168674394122
612589193540927518
310851405747453952
503297175149740062
352152762429210625
559344993832271872
251079218333614080
406136421431246850
275235278690451456
616799988831355014
170591394958671872
546451527838072843
336927269119459328
217338313357393920
667737304835686441
495801508441620480
279997458375901188
321042338027667467
580081088165314640
438884464060399630
272125457703501826
576896200276705291
557396431414099989
501902438975012864
430559327481495573
295221174823157771
386956074135191553
132761922733998080
542969392095428610
389192555448762389
264547965589389313
512732412145303552
370220673873739776
646529931777409034
575643013066522645
422166693230673939
548288101961826319
469073664105512980
486104627927056384
286585244990177282
587161898101899276
495387444351467520
353348764280422402
335424882936512515
552632513508540427
446638269845864468
614615978084532234
518415595323260928
464684588015550474
328336270625603587
379075875733504000
568842876423766019
552665675458674705
414354810100514817
602622162804801569
307940052615299082
424777878471835648
606257727357845515
406827645016473630
181620033921875968
548693211908931585
236916623435497474
443562221050658816
465996155877064716
223171658490445825
291916888412389376
624400226349744130
163449893879283712
438492646311329794
662765087487950891
424397619842777088
369721660338601985
632426458152828967
473067395943235586
433382706143821834
569490626798813186
454083872771014658
490687116645367818
104668735972843520
560246318832943104
525548854959931392
286822540847087618
381488931038035978
506981681975263242
438484022289629195
256416396370640896
437654201863241740
400383286238511106
328088654855798784
532280550577143818
596731922244435968
236860966351011841
341052197557239810
348888598382379008
372833440510246912
343310810057146368
301356492739837952
402208178479300619
376203319179345920
251484599740268546
257975719706099712
527658213827674112
394181116854272002
192676624901079041
311471520415350784
322716692411318272
469155500026494977
419809339000356874
575273299672563722
407716648733245443
342986073380749313
625786565951488052
575071520125222944
255858176639893504
507721348307746816
322323060499677184
481908346035765268
572246403254845460
495413692528066578
440440037893472277
262009847669719040
324566285155434497
293310166928064522
599293318018367510
573427833469272064
480182058535223307
506165223061979136
233400315116781579
271766781415129090
485480393634611250
561734378758340649
236846118162530304
493498793203990563
464848683641470987
416753981130539018
602763476087078923
467837311930073108
564103737807994901
219415486788534272
373579967285428224
602372335596601344
352833864881799178
178268913631625216
395893227498110982
280708756952842241
124698504546353154
258597116438380546
465873785397182464
468061340217376768
464957522726617105
256838586517684225
341324114461720577
413945531983855617
455378395811938314
262040874689626122
525742084661968917
605694137882247178
545351805580607488
459338828847644673
358936346259357696
529724212336918570
338320832390627330
436504104450261006
585716870842417163
397375741664165888
613879479390961664
326328839938506753
439497225933029376
574003903377440778
373689655750819850
475427618263400458
310569184142688256
614036643120152587
583993039974826030
415145892564303873
423134989622706177
271783384710250508
473990105078693893
344473461344960512
473817654843539468
259439961881706497
407449818844364820
480785683175309313
419329175027974154
314109091360407563
228714347629772801
495186126055931904
597095102191501312
549174529491206146
168467557672681472
602702911075778578
359875343902965760
464541388629868545
633870711210901505
335617147067957250
278699758644887552
289724545437270016
477762672969121802
188067864773656576
391338222439104523
477543764370522121
580487404578668554
646886381817430028
330391147241537564
363153789680615435
292683654847660032
546617727641714709
403019327697322014
536291001992740874
488404406350381067
569612704663339018
578796262493782029
232481803863064576
565191221434122243
418070938488143873
233325334056009728
383044643631267842
481807144963014657
588094899912704020
246377020110536706
208529011767246850
412571347374571531
378632050539888651
451193430974922752
251493349981159436
321106768396550145
613148908448776192
320655805978378250
409529151880429581
354522867624574977
559479503009611789
245628773376983042
480088551640268821
263442363093876737
624094119329005579
267790590630952960
340295441688035338
257285750113042432
476788434611208196
643514455229202452
365207262987550720
342617518852145152
485000692004683778
449250687868469258
363198919536017408
294932536520343554
254228975247818752
419035826668961792
422587947972427777
527654695368654858
354758097908006912
427233219146940417
275830234262142978
534674777856802816
455859155173900288
203843435101159424
194241218811658240
353809588677771264
560932570028834822
320842610640158721
475697552529031178
438203496794423296
338102808375197697
542718112068272152
441350233805553675
327601376538656770
538169956735647745
203958045640884234
549281539825991710
599176762597048341
412351984390242324
181728478301782016
357247860213022721
340924783313158155
565215902828593152
396656605061709824
280275643579629569
518098689009647616
227035822841528320
393674069238874122
303637849650233345
575023004862513159
229032923280441354
186194397333946368
529350801441947658
632592133634654218
215177138297372672
427253813934555136
451648118534963200
322077680717529098
291331896288477184
297474915257548810
326335034195968011
471237082409336843
532866357558116362
202959294705041408
319940074576019458
285626711037575170
307647486888247297
578922188862783509
328037716669497344
506943523954622468
382536652280692739
636208463751544834
480411683119038488
628364127756091392
474299863035674624
412986865105371146
333764979398410241
609803100383084546
360770826884087818
254601296038985730
629983267160064010
392299743218368522
391139888998907906
324607962079297536
629348021846540318
367722931993968650
386194619354054656
450774813150019594
276764913567793163
414954293448146974
283753132310265866
645507405077020678
435691907872587776
243085529598525441
621504124596518923
476900529671241735
284089162787848213
217834625261764608
253999566444167171
346643048786296833
538343947890720789
471129055090049045
503712272942628864
148500352281346048
283281504807944192
456369996688261120
589367966039277609
576815126062170112
626317890311946250
241707860420067328
303025205058732032
260041232149905409
419303743419580427
428037846721626123
545387287320592394
304354587731689472
101183500077527040
202797610711384064
349551248393109505
596257873009311764
637597191124549632
638356860868624455
525833868234981396
553754576709353494
409759102483562506
126720737170948096
406797964665683969
584959258408386561
496809137078927361
321075930502004756
559806319142371328
471876734413963267
344205363043631104
486185922283569183
481634693096407052
569967697991827462
618572235875155999
310345475867934720
608358267428536354
626486510438449182
287067650763259904
384151387384315915
444805301707735041
419157971189366804
453358383072935957
455131195391606784
401744323252584451
565240957449011260
275412531491635200
345942008801525764
369991306610475009
530570079080022018
579784490227073045
579048147922321422
382204465522016257
492010672687939594
244909488795156481
234500462274019328
511193947662450688
467211764312834050
473351318514171905
562293278666391553
353728330429628419
302884020402913312
534900803128000545
445372623258386444
266712515138813953
305836391940489216
607923239989018624
306865051602518026
583785974408937491
384689306381582341
264769733021270016
465274952451489804
364957956665638922
348768895697420289
288098385528094722
639972922575814675
272276223814795275
316401470398398464
503239071288655872
437935551220416524
622741800368734239
608820687334801414
444927527723597845
438367846196838441
632706964320944129
631014046757421076
530800381794451487
239770485783658506
533610822463913985
541429290223403009
262458273247002636
308304989183279105
430373808822681620
321439744615514122
371336684383764481
435741189535432705
529716042113744906
577433061403394048
260511623523991554
596101169579950096
404731699033931786
624390514246025216
523023064049516558
161027335712145408
438708444661415976
599323622921994275
559709873122574349
339593568781860864
291378464131514368
272824789389934593
226479230710579200
286052871693139981
261609790722015242
528574181143740445
414100541719707650
495257088445120522
407511980098977793
274014077833969664
460868005534892032
532528263676035092
564344326067453953
244566759632404480
287976276235649024
451117130029465610
519250434976776241
406600623807528960
597952719369666561
453315370070048769
350369835563089922
332921054039375873
281904233698164737
258360616593522688
550464202964467733
435479562852237342
261591041705115648
283736450338521088
431640800414269442
559128372597358593
452256622627258368
279253917911744513
171455671173251072
295568493166985218
568038301274079242
332179788569509888
543231116337872896
546834560151978005
206576269100318721
280397164734316545
195261284298522624
550033159211974667
459319321059917824
121007634714329089
163173534695292928
152196735656001537
537773436328607775
431128788055752704
510271175881129984
426849754262274058
117295484279717897
381629031361019925
242228156449292289
312493704818458624
582521500293136414
377234589569253376
555601119473041409
312761877707096074
315582287091859457
293500378807533570
277723655151026176
477864354105262083
260534086400081920
617766672610099226
416819799537090564
415991237104107532
509439666395545630
530821569199603715
287710637260537856
430480353141194762
469672246231826462
321504502928900114
395246516551548931
356101395213975553
578688389608374282
364898927872442369
413849998397276170
353681972658176000
528415257455230996
415599357300047882
579855510333947914
279767565444710401
289129160914501633
494644838562660355
600805461834465301
466531091591856140
328925595222409216
377527949295091714
537050499413966858
505610420384694273
578415398802817028
328307629514293248
545455557730107393
273940643875651586
571058279065714696
408712676500307980
450357877245214720
535867378219876363
320533351792377865
557036215564763157
226164702554750976
138188386933407744
244227189061582848
518706381382221824
337118939421212673
478596712387313666
270000600882741259
351758471059734540
542851854594342915
543273607221084170
262108119188897795
354247039703318530
247770828186451968
488157328366108683
395110648780029953
552973097284796437
572972129142833154
562891707558133780
568829171099500574
622231238224248833
351809528209080324
275016864193839105
556626762512203796
227465821947953152
380006520152260609
261969261394788353
511238320450174976
406932043776393216
538501139973275658
279332745086238720
347076261954322432
292527227449638913
498545082845102111
280168749917667328
148693231557804032
239869700928962560
210150527692963840
505350335666323456
484301429713010688
471320327226392586
186180822355804161
417185606091669515
314885155988832256
425729688166727680
459723047377698826
599111393706508345
333074160790142987
252512816383262720
329153627639906314
141594962918637568
460543143402536990
447530824661860352
413595203299966985
533650561749483540
330444427359420417
445741763039068168
492826019653353482
468221645220347941
418943249588420618
313603189935177730
311631997674061825
396515096693833729
158294656113836032
303624155687813121
499334465466925086
317082957674315796
251506651385954305
384084166024626178
500122850938716181
439858990134984716
397449257117810689
367336306239471617
527999614964596740
235075173756305408
267588914942967808
414668508803104768
489458153742663681
434843195025653762
478024687364997131
209082191605399552
168537938211241984
585438065296932884
448867532623839243
532609974048653342
557299841156251668
406178669661257729
165614835302793216
97454849213349888
342129695732793345
287348977618124800
540672326052872223
477314165850243075
620017143890706443
383178915268526080
467027021730414593
242340509815668737
328943966387175426
294787283230523392
295311669410791425
265546886260195329
622623742270373889
417192980508835844
437969179782545408
298303753608757252
443177563855126528
480449309741940766
408804744316846080
505641235940376577
293168594991316993
624374090060529684
493795496138113024
311503931232485378
267626315102814208
612212815020949525
623522235428110366
270056893211344907
223561941594013696
511621093254103040
497182326149873676
396055646518247434
409729393703780353
251869636394483713
239594718714003458
277631243246501888
277591460017340417
423903799623811072
410762736088383488
277527416052645888
358728415496372224
546802350304788510
367351407696674826
292134847231688704
442745901346193418
307890271750979586
381258986881810434
300289033207152640
239052650446979082
280530343054934026
382028373029027840
474650364700917770
310801788544483329
561809407206490152
554542010086719488
619845207244013590
567843560221704212
532595521634959370
425424063125782538
588458401424605273
410129787621736470
509391216845258752
375235296750731264
577934369566752778
324981044766048256
474250447302033421
255361087262818304
251735566129954816
257563363591192587
478730817259175936
248216304031498242
615907593633923075
345291167321161731
408153786381500416
319971087599271936
337633925625020427
605490260306034709
546811913770762252
481058594054209546
331406426801176576
514837508627103745
186822384748068864
247007291650342913
318034930200477696
281118226937544705
340604788104232960
152477576202420224
275390238447239168
267395639476748288
252531670559752192
364786305818820609
407701803233181706
395411113929342987
321734686713970698
132891451435646976
318085427544326146
600423450712211467
499457844156956672
137659631408381952
511062687984386068
502038201918029824
306427853543702538
435573786583236618
546350903960141824
435895217791696917
472297914459357184
386253937138728960
259008413604904960
514339622944243712
266900533866921996
493197649730732055
271483521732837376
342262945557905408
343039965107585024
541376138476519444
219175600609296394
320552236302204930
251643941005426698
399645127460782081
356609457314332672
345011698043846657
398279257194889216
551474235458191370
269619947167154176
403217602979168258
256090069314699265
319097474398683147
254412966714146816
452832528181624832
525489860912480266
448742791225540608
568378368177864714
185171693566689280
161766456575524864
282904563994984468
298429941299675138
472806270257332224
413002695524352001
319296875591237662
375377229128925205
361957836168626187
410885870145765397
292373409919401984
176455791992242176
457628523083857930
617004042765336614
420965737067446272
309046073652019200
429465883354857472
264905890824585216
384049363497910294
370972492233310210
332177085634183169
307132961428471808
515548625682694169
240911933115596800
165597642997497856
327480824490360832
362351190618538005
469971988069351424
238024759034511363
215093175193305088
470283599254519819
544544076251398154
332695785995239425
209339124958625793
284443578091044864
377596437283995660
249999393858650112
541053614148288512
586319152306978819
468372171161468929
391463614273290250
526036185836027915
435464209677942784
343435345490214913
364782304738148364
541118305168261159
488552939137400834
531369938984894476
263169532594618368
332713610570760192
249946482726273035
520614128130195461
380761164285607937
606398580537688064
295549145748602881
184819059404046336
337269294599634949
477923751271333888
441381334586359821
320245850892795904
182185109871394816
271941038375960576
478373467230830604
484067214312603660
167648990458806272
434834631196672003
325866745921273856
245970126065762304
606870142147887144
249539226335444994
233666698715070465
554478892296175617
518518939567783977
298491369297674242
463381463048519680
464666743718150156
304329725692608515
477666395190984717
345744409343688705
589444474988527646
546313558955261952
461743274013753344
337311038280171521
178650167636000768
549919734959964161
278889337242910721
368936151156916224
234035148742590464
355411108288397323
251202211470770176
302850980272406530
361208060879831041
339462969287114752
474440535235493888
251161780972290048
267520107524128768
245643168169590784
439522042128236554
243611855107391488
249453003675926538
576199022339948575
570893393438179329
474329373777068042
426626109816438784
466175296861765634
257192286935318529
425778179710648342
458845785744998402
455631392056016898
421845671147208704
361338199877877764
213353944259231744
347792856716410881
297843604641284096
486674992981999648
405852429410893826
412601720544165898
564843695644475392
425699338237509644
137707263367446528
361394786831171595
420817849091620867
492852732609298433
589208691086065706
252969342394826752
330429507578363914
224191482578468866
531060918143025152
429631548707307571
438758203828994051
224677500037365760
587165662103994368
489332654290894888
556913127917223967
425863824164257793
469104754153226240
526154790732824590
566710247109034053
294270413683556362
159321283165814784
283033781974204426
456884570118422539
341636665715982337
459914765624672268
323267818449666048
270239000961351691
323461377765277698
174641570669133824
293051038305353728
378671013866635278
279075991400218625
287039361944649729
411568912531062786
290170418667716608
496289706716168214
202508589506494473
558378020063150080
241266829417250818
186730180872634368
350760223209947137
555627339086692354
208984450443247616
168348011217289217
438399593164701706
303909951674253317
508314435945889802
363289034052730881
419492097415184385
480541868711739392
555347589931859969
407401175239884811
386316144543531009
471502263182032898
466436828313157644
257656216921047041
571885584935813141
600401420587368515
320006076210872320
362421948334211083
308269094908461067
338364761265668097
542045616931471391
373520377843810305
520694890909401088
382227167452332032
399046518361030667
416987475987267585
342006091552653312
306151032243879941
329120700713402368
315703694354153472
384516066665299968
337224042862084098
241718138842906634
454376323322740746
369187279962374144
364459376293052446
426601902101233674
467877403172274217
242650210583576576
333706567125827587
297478308613062659
395706936495964163
249529536331382794
267486474373431296
251566100997734400
348558315086675969
146007626642227200
362846644284424192
576571888571121675
321488432721428490
221722671728164864
279487556838621184
315193131282726914
319222993849024522
347186940702883850
448682880764346399
537775801987498008
333506715825864717
345654751066849281
547118086701187072
406632119792697352
291498778601455617
278840809384837122
472337910209970186
338148533784018954
389904640117964810
538730299022901248
435217108125876224
338747388061548556
427466925275217931
478240226544975893
237770511663366145
459620345536577547
559180331580915754
290956417744240651
311606730150772737
476231567971188736
384745026980151298
337796493824098304
219166309877809153
441280231266058240
331515272207007744
392836463546335252
422085230715863040
253146798145667073
332344697672695819
492398221432455168
341224518456705045
351301652398997504
323507396934762507
236995242186899468
173128952565596160
245679125711421440
272761768613511169
296635945653108737
571265344015171594
302103235207102464
465030457759891457
480021257182511125
179020856628871168
387086107524988950
481125119759089704
490986762613817355
485081577588785165
111170235259699200
305738900427505664
257489959458439168
430862099174916117
608364212774895618
495698891317051412
423586075131379753
492478391757307977
551808171069407304
163629042208079874
283243231490211840
607762486468411392
266011487187763200
372124898346139650
386680166962954251
308208457444491269
449849588514553858
489124192772554772
412694102006824960
245978010505707521
298218489443909632
380395229624270858
331432936228388874
295211941486526475
423484500891140105
301446897053204481
321793201855922179
210478115623927808
350767774886526978
251793320852979712
354025698920497165
324781579127881728
212344168364638214
597150800761978993
528225566089019419
545839816667955220
450038814199775242
325633150086807562
595656248922341392
173101005955661825
376019740310634497
266454330209599488
227133157542068225
262064901374214144
426392868937138187
176012626457919488
288499143956103169
385649854984224769
268493565548560384
200757252292870144
465512527250325519
318182336179208193
580195403647942666
505916255954272266
563122838068789251
319216576286949379
395725219056320523
353293494611345408
326232273286332417
592040876117590028
229802977676754945
433765344021053451
333957682169905152
437062974713233419
510867573257273354
184603085883047937
509190989814956043
322112513422655489
332557085696983040
535089589778645004
269188006471008257
443575145827663872
501093836765003789
277579528518238209
541363739253932032
445764092209266699
476465568757841931
282530833271881728
292098243385360384
476924186225410056
480551202346762261
461609841048420373
338413371999256576
271619826294849537
467512989868752896
270715595270389760
441767348731379714
490907388405088266
210178491142897664
234738270129487875
309808468221755393
285239279716663298
520185180082667520
412075487897059331
573246082533031936
404688801580187652
256265618741919745
317775063845699584
276468737253834754
405935554157608980
292656867090497538
581678316877250561
344529602850455552
325213027165143051
375769373442441216
165822006590308353
447148625894834189
479391630198308875
402586686413864980
389683877855232010
509567173077762089
153699972443799552
237689247505711105
483139181321650218
531029855542968322
414593408607322124
283721344103743488
587293258531471360
350567499055497216
448015861203337218
243294849799946251
440354912317210634
366339813781143553
295246380547702786
535940503930404866
302264107363598341
219915838193532928
285640703550423041
238416897861877760
324786734602911747
303727192435589120
148877471457083393
277485818396803073
364022650361610240
365613433103843329
325606102001778698
434967120393273357
373016548832444426
496845959251230721
211040303409397760
439069171179978752
506954217421013013
243731791192522752
214096254374772739
118113664636157953
264914511939502081
532732801573715977
417361465339543552
209126251271553025
461522714449149952
241722125931642881
301144577807613953
193734403136946176
297544899019145228
540343176314093569
389499642720550913
525422071673651266
400809602016477184
401439117445169153
227960066626551810
246756032125206529
246915727091695616
238193054471815168
324622215364476933
317021753974980619
372140669407592459
579052175871967241
527832900675174410
404048229467029504
513480856237637645
539027983067906050
324013078444245003
281468527469395968
358761748284571649
407580627651657729
244271934810882050
492002210452865034
299947216641064960
305378911938936833
327512078287896586
251625298649546764
403911797532262401
432885129917235211
310459195226980352
421687658809524224
502014514880053249
265329305670647809
435489893523652610
288714980273160193
149173556113047552
266613703661715456
475420992798195712
442848465857544193
544489289619079178
567854080568066069
438097723598569472
282872552886501377
251105712900407299
450031659962597386
188690755114500096
563785481570091037
251794298914209792
418664851863371776
297327600081174539
322926915336011787
373948830351360002
266530595981492225
264263883340906496
436910545992679434
292930708274413568
198778708494909450
463393455289270282
234370409590423553
481407844546248704
480090143307595786
464405590689710080
303238858139500544
168079251411697667
317662295603806208
375803979768266763
365636270040416257
514808324282122240
328272667993964544
413748113082155021
530873151933120533
206045239348166656
413140753175281676
267010494030807042
547401159145553923
392117751600381964
503709748613480449
293508335443902465
293546663514210304
508788110906097719
250477601276166146
283438590875402240
414668668958539776
207319346635210753
330389542047711232
328924734291181568
301151025308631040
466554024984838155
477133266734809089
333101356489637890
343927284819820556
360233039986556949
470610344528838677
175428730435534849
430712770133098508
395652804930437142
298129144422858752
542419329648558100
356146728526675979
326402139314323456
377624977773690891
443030389104312321
477657175204954132
527156480219283457
478914833799053314
208764105681666049
522874764684034051
414996885246443520
140854980927160320
529888089276153886
203715434451566593
529610956049874947
226063395021914113
247904881665507339
278554303814303744
168362561597603841
268112914458607626
233845993907552256
272652843100667904
302684819651821579
461111372239994881
279866183107215363
370736084306493441
268577499829633024
251113404645900289
279641544749875223
580478645634859029
456408386330689537
310893633324974081
262003743682330626
255098205409116160
280665105748721665
343733620965376000
434205950090412032
396508970761715712
579804769401700363
277358410507354112
317855213044236289
267798436848467978
518574770950897664
430613089893744654
238684645896617985
255044134576979978
576454996795719683
154942570642800640
241159472100278272
398831625544269835
238617657182650369
476814176791035904
292609169297637378
424545700395876352
168155608724406273
306113016716460037
531544496782049300
240233829200166912
165908964834279424
331746544820813824
219062008186798080
411632779059658755
430730675100975116
381151915171381268
394828201215393794
304447941806915594
487385050963378189
468591316322877451
535530199907827722
268838128133865482
352937037994655746
422476706712911882
304049867003527170
309843924204126208
431900303227617283
577238351564767232
573845119166578708
459586544374906881
234780489259548672
191664513911750657
263399979635310604
429788735316557834
263466687012143105
290217153293189120
487722316881592335
339626158947565572
474812935739408406
263791584166805504
325712842487627779
275289470276730880
346008605092478977
574773082237960202
469493163065606145
557936160903659565
336311255688151044
419333501666721797
287568545028636672
574424007839973387
267689225112125441
353636708786634752
282324939711840256
251231135110135808
264099709847601154
275336226674966528
409585692679602177
423130356162625536
317856060801155074
292280057970294785
479142191919267850
572976383257739264
469787264885456897
572574441339486208
300368736630603776
227548798514233344
572260538617430017
572256473531416606
572249765417451541
350241258012278784
420654005778251777
386728997897240586
178733431272898560
272809840865181696
288016821444018177
228249873810587649
320682411459346442